Epson:
	FREEZE: 0000 006D 0000 0022 0153 00AA 0015 0040 0015 003F 0015 0016 0015 0015 0015 0015 0015 0016 0015 0015 0015 003F 0016 003F 0015 0016 0015 0040 0015 0015 0015 0040 0015 0015 0015 0040 0015 0015 0015 0015 0015 0040 0015 0015 0015 0016 0016 003F 0015 0015 0015 0016 0015 003F 0015 0040 0015 0015 0015 0040 0015 003F 0015 0016 0016 003F 0015 0040 0015 0015 0015 05BF
	POWER OFF: 0000 006D 0000 0022 0157 00ab 0015 0040 0015 0040 0015 0015 0015 0015 0015 0015 0015 0015 0015 0015 0015 0040 0015 0040 0015 0015 0015 0040 0015 0015 0015 0040 0015 0015 0015 0040 0015 0015 0015 0040 0015 0015 0015 0015 0015 0015 0015 0040 0015 0015 0015 0015 0015 0040 0015 0015 0015 0040 0015 0040 0015 0040 0015 0015 0015 0040 0015 0040 0015 0015 0015 060a
	POWER ON: 0000 006D 0000 0022 0157 00ab 0015 0040 0015 0040 0015 0015 0015 0015 0015 0015 0015 0015 0015 0015 0015 0040 0015 0040 0015 0015 0015 0040 0015 0015 0015 0040 0015 0015 0015 0040 0015 0015 0015 0015 0015 0015 0015 0015 0015 0015 0015 0040 0015 0015 0015 0015 0015 0040 0015 0040 0015 0040 0015 0040 0015 0040 0015 0015 0015 0040 0015 0040 0015 0015 0015 060a
	POWER TOGGLE: 0000 006C 0000 0022 015B 00AD 0016 0041 0016 0041 0016 0016 0016 0016 0016 0016 0016 0016 0016 0016 0016 0041 0016 0041 0016 0016 0016 0041 0016 0016 0016 0041 0016 0016 0016 0041 0016 0016 0016 0016 0016 0016 0016 0016 0016 0016 0016 0041 0016 0016 0016 0016 0016 0041 0016 0041 0016 0041 0016 0041 0016 0041 0016 0016 0016 0041 0016 0041 0016 0016 0016 0622
	
Acer:
	FREEZE: 0000 006D 0022 0002 0157 00AC 0015 0016 0015 0016 0015 0016 0015 0041 0015 0016 0015 0016 0015 0016 0015 0016 0015 0041 0015 0041 0015 0016 0015 0016 0015 0041 0015 0016 0015 0016 0015 0016 0015 0016 0015 0041 0015 0041 0015 0041 0015 0016 0015 0016 0015 0016 0015 0041 0015 0041 0015 0016 0015 0016 0015 0016 0015 0041 0015 0041 0015 0041 0015 0016 0015 0689 0157 0056 0015 0E94
	POWER TOGGLE: 0000 006D 0022 0002 0157 00AB 0016 0015 0015 0015 0016 0015 0016 003F 0016 0015 0015 0016 0015 0015 0016 0015 0016 003F 0016 003F 0016 0015 0015 0015 0016 003F 0016 0015 0016 0015 0015 0015 0016 003F 0016 003F 0016 003F 0016 0015 0016 0015 0015 0016 0015 0015 0016 003F 0016 0015 0016 0015 0015 0015 0016 003F 0016 003F 0016 003F 0016 003F 0016 0015 0016 06A1 0157 0055 0015 06A1
	
BenQ:
	FREEZE: 0000 006D 0000 0022 0157 00AB 0017 0014 0017 0013 0017 0013 0017 0013 0017 0013 0017 0013 0017 0013 0017 0013 0017 0013 0016 0014 0016 0013 0017 0013 0017 003D 0017 003D 0017 0014 0017 0013 0017 003D 0017 003D 0017 0013 0017 0013 0016 0014 0016 0013 0017 0013 0017 0013 0017 0013 0017 0013 0017 003D 0017 003D 0017 003D 0017 003D 0017 003C 0017 003D 0017 0663
	POWER OFF: 0000 006D 0000 0022 0157 00AC 0017 0013 0016 0014 0016 0013 0017 0013 0017 0013 0017 0013 0017 0013 0017 0013 0017 0013 0017 0014 0017 0013 0017 0013 0017 003D 0017 003D 0017 0013 0016 0014 0016 0013 0017 003D 0017 003D 0017 003D 0017 0013 0017 0013 0017 003D 0017 0013 0017 003D 0016 0013 0017 0013 0017 0013 0017 003D 0017 003D 0017 0013 0017 003D 0017 0665
	POWER ON: 0000 006D 0000 0022 0154 00AA 0017 0013 0017 0013 0017 0013 0017 0013 0017 0013 0017 0013 0017 0013 0017 0013 0017 0013 0017 0013 0017 0013 0017 0013 0017 003D 0016 003D 0017 0013 0017 0013 0017 003D 0017 003D 0017 003D 0017 003D 0017 0013 0016 0014 0016 003D 0017 0013 0017 0013 0017 0013 0017 0013 0017 0013 0017 003D 0017 003D 0017 0013 0017 003D 0016 0653
	POWER TOGGLE: 0000 006D 0000 0022 0157 00AB 0014 0014 0014 0014 0014 0014 0014 0014 0014 0014 0014 0014 0014 0014 0014 0014 0014 0014 0014 0014 0014 0014 0014 0014 0014 0040 0014 0040 0014 0014 0014 0014 0014 0014 0014 0040 0014 0014 0014 0014 0014 0014 0014 0014 0014 0014 0014 0014 0014 0040 0014 0014 0014 0040 0014 0040 0014 0040 0014 0040 0014 0040 0014 0040 0014 06F5
	
NEC:
	FREEZE: 0000 006b 0022 0002 015f 00b0 0015 0017 0015 0017 0015 0017 0015 0043 0015 0043 0015 0017 0015 0017 0015 0017 0015 0043 0015 0017 0015 0016 0015 0043 0015 0016 0015 0043 0015 0043 0015 0043 0015 0017 0015 0017 0015 0043 0015 0043 0015 0017 0015 0017 0015 0043 0015 0017 0015 0043 0015 0043 0015 0017 0015 0017 0015 0043 0015 0043 0015 0017 0015 0043 0015 05f6 015f 0058 0015 0e63
	POWER OFF: 0000 006b 0022 0002 015f 00b0 0015 0017 0015 0017 0015 0017 0015 0043 0015 0043 0015 0017 0015 0017 0015 0017 0015 0043 0015 0017 0015 0017 0015 0043 0015 0017 0015 0043 0015 0043 0015 0043 0015 0017 0015 0016 0015 0043 0015 0016 0015 0043 0015 0016 0015 0017 0015 0017 0015 0043 0015 0043 0015 0017 0015 0043 0015 0017 0015 0043 0015 0043 0015 0043 0015 05f6 015f 0059 0015 0e62
	POWER ON: 0000 006b 0022 0002 015f 00b0 0015 0017 0015 0017 0015 0017 0015 0043 0015 0043 0015 0017 0015 0017 0015 0017 0015 0043 0015 0017 0015 0016 0015 0043 0015 0016 0015 0043 0015 0043 0015 0043 0015 0017 0015 0017 0015 0016 0015 0043 0015 0016 0015 0017 0015 0017 0015 0017 0015 0043 0015 0043 0015 0043 0015 0017 0015 0043 0015 0043 0015 0043 0015 0043 0015 05f6 015f 0058 0015 0e63
	POWER TOGGLE: 0000 006d 0022 0002 0156 00aa 0016 0015 0016 0015 0016 0015 0016 003f 0016 003f 0016 0015 0016 0015 0016 0015 0016 003f 0016 0015 0016 0015 0016 003f 0016 0015 0016 003f 0016 003f 0016 003f 0016 0015 0016 0015 0016 0015 0016 003f 0016 0015 0016 0015 0016 0015 0016 0015 0016 003f 0016 003f 0016 003f 0016 0015 0016 003f 0016 003f 0016 003f 0016 003f 0016 060f 0156 0055 0016 0e39

Panasonic:
	FREEZE: 0000 0070 0000 003A 0080 0040 0010 0010 0010 0030 0010 0010 0010 0010 0010 0010 0010 0010 0010 0010 0010 0010 0010 0010 0010 0010 0010 0010 0010 0010 0010 0010 0010 0030 0010 0010 0010 0010 0010 0010 0010 0010 0010 0010 0010 0010 0010 0010 0010 0010 0010 0010 0010 0030 0010 0010 0010 0010 0010 0010 0010 0030 0010 0010 0010 0010 0010 0030 0010 0010 0010 0010 0010 0010 0010 0010 0010 0010 0010 0010 0010 0010 0010 0010 0010 0010 0010 0010 0010 0030 0010 0010 0010 0010 0010 0010 0010 0010 0010 0010 0010 0010 0010 0010 0010 0030 0010 0010 0010 0030 0010 0010 0010 0010 0010 0030 0010 0030 0010 0ACE
	POWER OFF: 0000 0070 0000 003A 0080 0040 0010 0010 0010 0030 0010 0010 0010 0010 0010 0010 0010 0010 0010 0010 0010 0010 0010 0010 0010 0010 0010 0010 0010 0010 0010 0010 0010 0030 0010 0010 0010 0010 0010 0010 0010 0010 0010 0010 0010 0010 0010 0010 0010 0010 0010 0010 0010 0030 0010 0010 0010 0010 0010 0010 0010 0030 0010 0010 0010 0010 0010 0030 0010 0010 0010 0010 0010 0010 0010 0010 0010 0010 0010 0010 0010 0010 0010 0010 0010 0010 0010 0030 0010 0030 0010 0030 0010 0030 0010 0030 0010 0030 0010 0010 0010 0010 0010 0030 0010 0030 0010 0030 0010 0010 0010 0030 0010 0030 0010 0030 0010 0030 0010 0ACE
	POWER ON: 0000 0070 0000 003A 0080 0040 0010 0010 0010 0030 0010 0010 0010 0010 0010 0010 0010 0010 0010 0010 0010 0010 0010 0010 0010 0010 0010 0010 0010 0010 0010 0010 0010 0030 0010 0010 0010 0010 0010 0010 0010 0010 0010 0010 0010 0010 0010 0010 0010 0010 0010 0010 0010 0030 0010 0010 0010 0010 0010 0010 0010 0030 0010 0010 0010 0010 0010 0030 0010 0010 0010 0010 0010 0010 0010 0010 0010 0010 0010 0010 0010 0010 0010 0010 0010 0010 0010 0010 0010 0030 0010 0030 0010 0030 0010 0030 0010 0030 0010 0010 0010 0010 0010 0010 0010 0030 0010 0030 0010 0010 0010 0030 0010 0030 0010 0030 0010 0030 0010 0ACE
	POWER TOGGLE: 0000 0070 0000 003A 0080 0040 0010 0010 0010 0030 0010 0010 0010 0010 0010 0010 0010 0010 0010 0010 0010 0010 0010 0010 0010 0010 0010 0010 0010 0010 0010 0010 0010 0030 0010 0010 0010 0010 0010 0010 0010 0010 0010 0010 0010 0010 0010 0010 0010 0010 0010 0010 0010 0030 0010 0010 0010 0010 0010 0010 0010 0030 0010 0010 0010 0010 0010 0030 0010 0010 0010 0010 0010 0010 0010 0010 0010 0010 0010 0010 0010 0010 0010 0010 0010 0010 0010 0030 0010 0010 0010 0030 0010 0030 0010 0030 0010 0030 0010 0010 0010 0010 0010 0030 0010 0010 0010 0030 0010 0010 0010 0030 0010 0030 0010 0030 0010 0030 0010 0ACE